# list of object assets to load in this scene
[ASSETS]
Assets\effect.txt
#Assets\mario.txt
Assets\mario1.txt
Assets\fireball.txt
Assets\block.txt
Assets\enemy.txt
Assets\item.txt
Assets\HUB.txt
#
[OBJECTS]
# type	x	y	extra_settings per object type
# type: 0 = Mario , 1 = Brick, 2 = Goomba, 3 = Koopas
# See OBJECT_TYPE constants in AssetIDs.h

# MARIO
#0	100	240
#0	1556	90
#0	2256	90

0	2220	350
#0	2556	90

#COIN
4	1072	320
4	1104	288
4	1136	256
4	1168	224
4	1200	192


4	1328	80
4	1360	80
4	1344	80

4	1472	112
4	1488	300

4	1536	128
4	1552	128
4	1568	128
4	1584	128

4	1616	112
4	1632	112
4	1648	112
4	1664	112

4	1696	144
4	1728	112
4	1760	128
4	1808	96
4	1840	128

#Brick
1	1440	128	2

1	2112	400	0
1	2096	400	0
1	2048	400	0
1	2032	400	0
1	2016	400	0
1	2000	400	0
1	1984	400	0
1	1968	400	0
1	1952	400	0

1	2032	384	0
1	2096	384	0
1	2016	384	0
1	2000	384	0
1	1984	384	0
1	1968	384	0

1	2032	368	1
1	2016	368	0
1	2000	368	0
1	1984	368	0
#Goomba
2	224	400	0
2	512	400	0

2	832	384	0
2	880	384	0

#ParaGoomba
12	944	384	1
#12	500	350	0
#Koopa
3	2108	348	1
#3	2050	200	1
3	576	360	1

3	1472	400	0
ParaKoopa
13	1328	304	0
13	1376	304	0
13	1424	304	0

#QuestionBrick
6	176	352	1
6	192	352	1
6	224	304	1
6	240	304	2

6	416	320	1

6	656	384	2
6	704	352	1
6	1472	368	2
#Mushroom
#7	250	50

#Piranha Plant
10	1800	385	1	0
#10	320	369	2	1

#Fire Piranha Plant
11	1864	369	1	0
11	360	369	2	1

#Pipe
9	352	368	16	16	3	37	38	39	40	0
9	1856	368	16	16	3	37	38	39	40	0
9	1792	384	16	16	2	37	38	39	40	0
9	2256	112	16	16	12	37	38	39	40	1
9	2256	368	16	16	3	37	38	39	40	0
9	2320	384	16	16	2	37	38	39	40	0

#Platform
5	0	416	16	16	39	115	116	117
5	624	400	16	16	29	115	116	117
5	1152	416	16	16	22	115	116	117
5	1536	416	16	16	5	115	116	117
5	1664	416	16	16	36	115	116	117
5	2256	416	16	16	35	115	116	117

5	1408	192	16	16	4	52	52	52
5	1488	176	16	16	13	52	52	52

5	1504	336	16	16	2	70	70	70
5	1568	400	16	16	3	70	70	70
5	1584	384	16	16	2	70	70	70
5	1600	368	16	16	1	70	70	70
5	1664	400	16	16	3	70	70	70
5	1664	384	16	16	2	70	70	70
5	1664	368	16	16	1	70	70	70
5	2256	368	16	16	2	70	70	70
5	2256	304	16	16	2	70	70	70
#SemisolidPlatform
8	240	368	16	16	3
8	272	336	16	16	3
8	400	368	16	16	5
8	464	336	16	16	4
8	512	304	16	16	4
8	512	384	16	16	6
8	1264	384	16	16	7
8	1296	352	16	16	7
8	1312	144	16	16	4
8	1328	320	16	16	7
8	2144	368	16	16	3
8	2176	272	16	16	3

#Items Menu
14	2688	336

##########   Hiden map   #############
#Platform
5	1968	464	16	16	8	127	127	127
5	2128	464	16	16	12	127	127	127
5	2352	464	16	16	8	127	127	127

5	1968	480	16	16	8	127	127	127
5	1968	496	16	16	8	127	127	127
5	1968	512	16	16	8	127	127	127
5	1968	528	16	16	8	127	127	127
5	1968	544	16	16	8	127	127	127
5	1968	560	16	16	8	127	127	127
5	1968	576	16	16	8	127	127	127
5	1968	592	16	16	8	127	127	127

5	2352	480	16	16	8	127	127	127
5	2352	496	16	16	8	127	127	127
5	2352	512	16	16	8	127	127	127
5	2304	528	16	16	11	127	127	127
5	2288	544	16	16	12	127	127	127
5	2272	560	16	16	13	127	127	127
5	2256	576	16	16	14	127	127	127
5	2240	592	16	16	15	127	127	127
5	2224	608	16	16	16	127	127	127
5	2096	608	16	16	8	127	127	127
#Coin
4	2176	488
4	2192	488
4	2160	504
4	2208	504
4	2208	520
4	2176	536
4	2192	536
4	2208	554
4	2160	570
4	2208	570
4	2176	586
4	2192	586

#Pipe
9	2096	464	16	16	2	128	129	130	131	0
9	2320	464	16	16	2	128	129	130	131	1
[MAP]
30	Assets/Map1.txt	42	176	11	11	16	16	0