# list of object assets to load in this scene
[ASSETS]
Assets\marioWorld.txt
Assets\block.txt
#
[OBJECTS]
# type	x	y	extra_settings per object type
# type: 0 = Mario , 1 = Brick, 2 = Goomba, 3 = Koopas
# See OBJECT_TYPE constants in AssetIDs.h

# MARIO
0	32	48

#Portal 
50	200	160	216	180	1

#Platform
#5	64	0	16	16	1	92001	92001	92001
#5	96	0	16	16	1	92001	92001	92001
#5	128	0	16	16	1	92001	92001	92001
#5	160	0	16	16	1	92001	92001	92001
#5	192	0	16	16	1	92001	92001	92001
#5	48	16	16	16	1	92001	92001	92001
#5	208	16	16	16	1	92001	92001	92001
#5	80	48	16	16	1	92001	92001	92001
#5	112	48	16	16	1	92001	92001	92001
#5	208	48	16	16	1	92001	92001	92001
#5	64	64	16	16	1	92001	92001	92001
#5	96	64	16	16	1	92001	92001	92001
#5	192	64	16	16	1	92001	92001	92001
#5	48	80	16	16	1	92001	92001	92001
#5	144	80	16	16	1	92001	92001	92001
#5	96	96	16	16	1	92001	92001	92001
#5	128	96	16	16	1	92001	92001	92001
#5	48	112	16	16	1	92001	92001	92001
#5	80	112	16	16	1	92001	92001	92001
#5	64	160	16	16	1	92001	92001	92001
#5	48	144	16	16	1	92001	92001	92001

[MAP]
150	Assets/WorldMap.txt	11	16	5	8	16	16	0