# list of object assets to load in this scene
[ASSETS]
Assets\effect.txt
Assets\mario.txt
Assets\mario1.txt
Assets\fireball.txt
Assets\block.txt
Assets\enemy.txt
Assets\item.txt
Assets\HUB.txt
#
[OBJECTS]
# type	x	y	extra_settings per object type
# type: 0 = Mario , 1 = Brick, 2 = Goomba, 3 = Koopas
# See OBJECT_TYPE constants in AssetIDs.h

# MARIO
0	2256	90
#0	100	300
#COIN
4	100	320
4	120	320
4	140	320
4	160	320
4	180	320


4	100	300
4	120	300
4	140	300
4	160	300
4	180	300

4	100	280
4	120	280
4	140	280
4	160	280
4	180	280
#Brick
1	1440	128	0

1	2112	400	0
1	2096	400	0
1	2048	400	0
1	2032	400	0
1	2016	400	0
1	2000	400	0
1	1984	400	0
1	1968	400	0
1	1952	400	0

1	2032	384	0
1	2096	384	0
1	2016	384	0
1	2000	384	0
1	1984	384	0
1	1968	384	0

1	2032	368	1
1	2016	368	0
1	2000	368	0
1	1984	368	0
#Goomba
#2	550	400	1
2	400	300	0
#ParaGoomba
#12	600	350	1
#12	500	350	0
#Koopa
3	2120	200	1
3	2050	200	1
3	500	200	1
#3	630	200	0
ParaKoopa
#13	600	350	1
#13	550	350	0
#QuestionBrick
#6	112	352	1
#6	128	352	1
6	176	352	2
6	192	352	3
#6	416	320	1

6	224	304	1
6	240	304	2
#6	224	368	1
6	656	384	2
6	704	352	1
6	1472	368	1
#Mushroom
#7	250	50

#Piranha Plant
#10	336	369	2	0
#10	320	369	2	1

#Fire Piranha Plant
#11	360	369	2	0
#11	384	369	2	1

#Pipe
9	352	368	16	16	3	37	38	39	40	0
9	1856	368	16	16	3	37	38	39	40	0
9	1792	384	16	16	2	37	38	39	40	0
9	2256	112	16	16	12	37	38	39	40	1
9	2256	368	16	16	3	37	38	39	40	0
9	2320	384	16	16	2	37	38	39	40	0

#Platform
5	0	416	16	16	39	115	116	117
5	624	400	16	16	29	115	116	117
5	1152	416	16	16	22	115	116	117
5	1536	416	16	16	5	115	116	117
5	1664	416	16	16	36	115	116	117
5	2256	416	16	16	35	115	116	117

5	1408	192	16	16	4	52	52	52
5	1488	176	16	16	13	52	52	52

5	1504	336	16	16	2	70	70	70
5	1568	400	16	16	3	70	70	70
5	1584	384	16	16	2	70	70	70
5	1600	368	16	16	1	70	70	70
5	1664	400	16	16	3	70	70	70
5	1664	384	16	16	2	70	70	70
5	1664	368	16	16	1	70	70	70
5	2256	368	16	16	2	70	70	70
5	2256	304	16	16	2	70	70	70
#SemisolidPlatform
8	240	368	16	16	3
8	272	336	16	16	3
8	400	368	16	16	5
8	464	336	16	16	4
8	512	304	16	16	4
8	512	384	16	16	6
8	1264	384	16	16	7
8	1296	352	16	16	7
8	1312	144	16	16	4
8	1328	320	16	16	7
8	2144	368	16	16	3
8	2176	272	16	16	3
#Portal 
50	300	160	216	180	1
#######Hiden map
#Platform
5	1968	464	16	16	8	127	127	127
5	2128	464	16	16	12	127	127	127
5	2352	464	16	16	8	127	127	127

5	2304	528	16	16	11	127	127	127
5	2288	544	16	16	12	127	127	127
5	2272	560	16	16	13	127	127	127
5	2256	576	16	16	14	127	127	127
5	2240	592	16	16	15	127	127	127
5	2224	608	16	16	16	127	127	127
5	2096	608	16	16	8	127	127	127

#Pipe
9	2096	464	16	16	2	128	129	130	131	0
9	2320	464	16	16	2	128	129	130	131	1
[MAP]
30	Assets/Map1.txt	42	176	11	11	16	16	0