# COIN
[SPRITES]
70001	303	99	312	114	20
70002	321	99	330	114	20
70003	338	99	347	114	20

# BRICK COIN
70007	300	171	315	186	20

[ANIMATIONS]
7000	70001	200	70002	200	70003	200
7007	70007	100

[SPRITES]
#MUSHROOM
70004	300	189	315	204	20

#LEAF RIGHT & LEFT
70005	300	208	315	221	20
70006	283	245	298	258	20

#ITEMS MENU
70008	11	0	26	15	40
70009	28	0	43	15	40
70010	45	0	60	15	40

#ITEMS MENU SPINNING
70011	11	51	26	66	40
70012	62	51	77	66	40
70013	28	51	43	66	40
70014	79	51	94	66	40
70015	45	51	60	66	40
70016	96	51	111	66	40
70017	113	51	128	66	40

[ANIMATIONS]
#MUSHROOM
7004	70004	100

#LEAF RIGHT & LEFT
7005	70005	100
7006	70006	100

#ITEMS MENU
7008	70008	100
7009	70009	100
7010	70010	100

#ITEMS MENU SPINNING
7011	70015	100	70016	100	70017	100
7012	70013	100	70014	100	70017	100
7013	70011	100	70012	100	70017	100