# id	left	top	right	bottom	texture_id
[SPRITES]
#####   GREEN   ######
#WALK LEFT
90001	0	51	15	76	50
90002	16	51	31	78	50
#WALK RIGHT
90003	352	51	367	78	50
90004	368	51	383	76	50
#SHELL
90005	32	48	47	63	50
90006	48	48	63	63	50
90007	64	48	79	63	50
90008	80	48	95	63	50
90009	32	64	47	79	50
#OVERTURNED SHELL
90010	32	288	47	303	50
90011	48	288	63	303	50
90012	64	288	79	303	50
90013	80	288	95	303	50
90014	32	272	47	287	50
#OVERTURNED WALK LEFT & RIGHT
90015	16	274	31	301	50
90016	352	274	367	301	50

#####   RED   ######
#WALK LEFT
90021	96	51	111	76	50
90022	112	51	127	78	50
#WALK RIGHT
90023	256	51	271	78	50
90024	272	51	287	76	50
#SHELL
90025	128	48	143	63	50
90026	144	48	159	63	50
90027	160	48	175	63	50
90028	176	48	191	63	50
90029	128	64	143	79	50
#OVERTURNED SHELL
90030	128	288	143	303	50
90031	144	288	159	303	50
90032	160	288	175	303	50
90033	176	288	191	303	50
90034	128	272	143	287	50

# ani_id	sprite1_id	time1	sprite2_id	time2	...
[ANIMATIONS]
#####   GREEN   ######
#WALK LEFT
9001	90001	200	90002	200
#WALK RIGHT
9002	90004	200	90003	200
#SHELL
9003	90005	200
#SHELL RETURN WALKING
9004	90005	150	90009	150
#SHELL SPIN
9005	90006	100	90007	100	90008	100
#OVERTURNED WALK LEFT
#9006	90015	200
#OVERTURNED WALK RIGHT
#9007	90016	200
#OVERTURNED SHELL
9008	90010	200
#OVERTURNED SHELL RETURN WALKING
9009	90010	150	90014	150
#OVERTURNED SHELL SPIN
90010	90011	100	90012	100	90013	100

#####   RED   ######
#WALK LEFT
9011	90021	200	90022	200
#WALK RIGHT
9012	90024	200	90023	200
#SHELL
9013	90025	200
#SHELL RETURN WALKING
9014	90025	150	90029	150
#SHELL SPIN
9015	90026	100	90027	100	90028	100
#OVERTURNED WALK LEFT
#9016	90035	200
#OVERTURNED WALK RIGHT
#9017	90036	200
#OVERTURNED SHELL
9018	90030	200
#OVERTURNED SHELL RETURN WALKING
9019	90030	150	90034	150
#OVERTURNED SHELL SPIN
90020	90031	100	90032	100	90033	100
