# id	left	top	right	bottom	texture_id
[SPRITES]
#SMALL
50001	122	124	137	147	100
50002	278	272	293	295	100

#BIG
50003	140	124	155	147	100
50004	260	272	275	295	100

#RACCOON
50005	176	124	191	147	100
50006	224	272	239	295	100

#CACTUS
50007	0	1	15	16	110
50008	17	1	32	16	110
50009	34	1	49	16	110
50010	51	1	66	16	110

#HELP
50011	68	1	83	14	110
50012	85	1	100	14	110

#KOOPA WORLD MAP RIGHT & LEFT
50013	102	1	117	16	110
50014	119	1	134	16	110

50015	102	18	117	33	110
50016	119	18	134	33	110
# ani_id	sprite1_id	time1	sprite2_id	time2	...
[ANIMATIONS]
5001	50001	100	50002	100
5002	50003	100	50004	100
5003	50005	100	50006	100

#CACTUS
5004	50007	300	50008	300	50009	300	50010	300

#HELP
5005	50011	700	50012	200

#KOOPA WORLD MAP
5006	50013	200	50014	200
5007	50015	200	50016	200